mse: 0.10011012
mae: 0.16871238
rmse: 0.31640184
mape: 3.9035826
mspe: 11274.41
