mae_sc:0.16871238
mse_sc:0.10011012
mape_sc:3.9035826
rmse_sc:0.31640184
mspe_sc:11274.41
