mse: 1.218915
mae: 0.89611363
rmse: 1.1040448
mape: 16.249018
mspe: 86363.71
