mae_sc:0.89611363
mse_sc:1.218915
mape_sc:16.249018
rmse_sc:1.1040448
mspe_sc:86363.71
