mse: 1.6645273
mae: 1.0968963
rmse: 1.2901657
mape: 0.41759145
mspe: 0.2801429
