mae_sc:1.0968963
mse_sc:1.6645273
mape_sc:0.41759145
rmse_sc:1.2901657
mspe_sc:0.2801429
