mse: 1.2664866
mae: 0.9360739
rmse: 1.1253829
mape: 18.217525
mspe: 107919.74
