mae_sc:0.9360739
mse_sc:1.2664866
mape_sc:18.217525
rmse_sc:1.1253829
mspe_sc:107919.74
