mse: 1.193339
mae: 0.8961505
rmse: 1.0924006
mape: 22.822691
mspe: 188809.48
