mae_sc:0.8961505
mse_sc:1.193339
mape_sc:22.822691
rmse_sc:1.0924006
mspe_sc:188809.48
