mse: 1.1631675
mae: 0.89831775
rmse: 1.0785024
mape: 28.093773
mspe: 253423.48
