mae_sc:0.89831775
mse_sc:1.1631675
mape_sc:28.093773
rmse_sc:1.0785024
mspe_sc:253423.48
