mse: 0.3233814
mae: 0.445429
rmse: 0.56866634
mape: 0.116771065
mspe: 0.018949289
