mae_sc:0.445429
mse_sc:0.3233814
mape_sc:0.116771065
rmse_sc:0.56866634
mspe_sc:0.018949289
