mse: 2.8784354
mae: 1.5731025
rmse: 1.6965952
mape: 0.77854896
mspe: 0.61569506
