mae_sc:1.5731025
mse_sc:2.8784354
mape_sc:0.77854896
rmse_sc:1.6965952
mspe_sc:0.61569506
