mse: 1.4810985
mae: 1.0472761
rmse: 1.217004
mape: 0.436265
mspe: 0.28881308
