mae_sc:1.0472761
mse_sc:1.4810985
mape_sc:0.436265
rmse_sc:1.217004
mspe_sc:0.28881308
