mse: 1.5226692
mae: 1.0233243
rmse: 1.2339648
mape: 0.37189832
mspe: 0.20606987
