mae_sc:1.0233243
mse_sc:1.5226692
mape_sc:0.37189832
rmse_sc:1.2339648
mspe_sc:0.20606987
