mse: 0.4372661
mae: 0.46171388
rmse: 0.661261
mape: 0.17001645
mspe: 0.047933023
