mae_sc:0.46171388
mse_sc:0.4372661
mape_sc:0.17001645
rmse_sc:0.661261
mspe_sc:0.047933023
