mse: 0.02012482
mae: 0.112969965
rmse: 0.14186198
mape: 0.54510653
mspe: 6.5257363
