mae_sc:0.112969965
mse_sc:0.02012482
mape_sc:0.54510653
rmse_sc:0.14186198
mspe_sc:6.5257363
