mse: 0.016332213
mae: 0.09997497
rmse: 0.12779754
mape: 0.037772153
mspe: 0.0021216287
