mae_sc:0.09997497
mse_sc:0.016332213
mape_sc:0.037772153
rmse_sc:0.12779754
mspe_sc:0.0021216287
