mse: 0.14039756
mae: 0.3067986
rmse: 0.37469664
mape: 0.22859536
mspe: 0.08949624
