mae_sc:0.3067986
mse_sc:0.14039756
mape_sc:0.22859536
rmse_sc:0.37469664
mspe_sc:0.08949624
