mse: 1.2679974
mae: 0.92670417
rmse: 1.1260539
mape: 0.39192393
mspe: 0.18524897
