mae_sc:0.92670417
mse_sc:1.2679974
mape_sc:0.39192393
rmse_sc:1.1260539
mspe_sc:0.18524897
