mse: 0.019662907
mae: 0.11088936
rmse: 0.14022449
mape: 0.6208322
mspe: 9.911344
