mae_sc:0.11088936
mse_sc:0.019662907
mape_sc:0.6208322
rmse_sc:0.14022449
mspe_sc:9.911344
