mse: 0.01897418
mae: 0.109168306
rmse: 0.1377468
mape: 0.5893855
mspe: 7.6947374
