mae_sc:0.109168306
mse_sc:0.01897418
mape_sc:0.5893855
rmse_sc:0.1377468
mspe_sc:7.6947374
