mse: 0.9994754
mae: 0.7817423
rmse: 0.9997377
mape: 0.31637457
mspe: 0.13221043
