mae_sc:0.7817423
mse_sc:0.9994754
mape_sc:0.31637457
rmse_sc:0.9997377
mspe_sc:0.13221043
