mse: 0.16464275
mae: 0.19861344
rmse: 0.40576193
mape: 5.1215763
mspe: 19232.564
