mae_sc:0.19861344
mse_sc:0.16464275
mape_sc:5.1215763
rmse_sc:0.40576193
mspe_sc:19232.564
