mse: 0.018990986
mae: 0.10924154
rmse: 0.13780779
mape: 0.61913085
mspe: 10.886256
