mae_sc:0.10924154
mse_sc:0.018990986
mape_sc:0.61913085
rmse_sc:0.13780779
mspe_sc:10.886256
