mse: 0.16870537
mae: 0.34055814
rmse: 0.4107376
mape: 0.24859445
mspe: 0.093232505
