mae_sc:0.34055814
mse_sc:0.16870537
mape_sc:0.24859445
rmse_sc:0.4107376
mspe_sc:0.093232505
