mse: 1.5363082
mae: 1.0497612
rmse: 1.239479
mape: 0.42159986
mspe: 0.31444907
