mae_sc:1.0497612
mse_sc:1.5363082
mape_sc:0.42159986
rmse_sc:1.239479
mspe_sc:0.31444907
