mse: 0.31255996
mae: 0.43489623
rmse: 0.55907065
mape: 0.11442109
mspe: 0.018408872
