mae_sc:0.43489623
mse_sc:0.31255996
mape_sc:0.11442109
rmse_sc:0.55907065
mspe_sc:0.018408872
