mse: 0.028534496
mae: 0.13759187
rmse: 0.16892157
mape: 0.05195486
mspe: 0.003724696
