mae_sc:0.13759187
mse_sc:0.028534496
mape_sc:0.05195486
rmse_sc:0.16892157
mspe_sc:0.003724696
