mse: 0.017010123
mae: 0.10333663
rmse: 0.13042286
mape: 0.03892352
mspe: 0.0022119363
