mae_sc:0.10333663
mse_sc:0.017010123
mape_sc:0.03892352
rmse_sc:0.13042286
mspe_sc:0.0022119363
