mse: 0.98165107
mae: 0.75870043
rmse: 0.99078304
mape: 0.30239892
mspe: 0.12843604
