mae_sc:0.75870043
mse_sc:0.98165107
mape_sc:0.30239892
rmse_sc:0.99078304
mspe_sc:0.12843604
