mse: 0.31082302
mae: 0.41534185
rmse: 0.557515
mape: 0.10739455
mspe: 0.017169058
