mae_sc:0.41534185
mse_sc:0.31082302
mape_sc:0.10739455
rmse_sc:0.557515
mspe_sc:0.017169058
