mse: 1.6947812
mae: 1.078432
rmse: 1.3018376
mape: 0.4045665
mspe: 0.26548457
