mae_sc:1.078432
mse_sc:1.6947812
mape_sc:0.4045665
rmse_sc:1.3018376
mspe_sc:0.26548457
