mse: 0.0378321
mae: 0.16495146
rmse: 0.19450475
mape: 0.06286309
mspe: 0.0050788876
