mae_sc:0.16495146
mse_sc:0.0378321
mape_sc:0.06286309
rmse_sc:0.19450475
mspe_sc:0.0050788876
