mse: 0.019697204
mae: 0.11092213
rmse: 0.14034674
mape: 0.58170855
mspe: 9.474187
