mae_sc:0.11092213
mse_sc:0.019697204
mape_sc:0.58170855
rmse_sc:0.14034674
mspe_sc:9.474187
