mse: 1.356743
mae: 1.0012757
rmse: 1.1647931
mape: 0.40814012
mspe: 0.2886084
