mae_sc:1.0012757
mse_sc:1.356743
mape_sc:0.40814012
rmse_sc:1.1647931
mspe_sc:0.2886084
