mse: 1.4697362
mae: 1.0561095
rmse: 1.2123268
mape: 0.43051025
mspe: 0.30373576
