mae_sc:1.0561095
mse_sc:1.4697362
mape_sc:0.43051025
rmse_sc:1.2123268
mspe_sc:0.30373576
