mse: 2.7492323
mae: 1.5240756
rmse: 1.6580809
mape: 0.74618775
mspe: 0.5650853
