mae_sc:1.5240756
mse_sc:2.7492323
mape_sc:0.74618775
rmse_sc:1.6580809
mspe_sc:0.5650853
