mse: 0.036276992
mae: 0.14891584
rmse: 0.1904652
mape: 0.055323128
mspe: 0.0045444365
