mae_sc:0.14891584
mse_sc:0.036276992
mape_sc:0.055323128
rmse_sc:0.1904652
mspe_sc:0.0045444365
