mse: 1.528905
mae: 1.0534701
rmse: 1.2364889
mape: 0.39715418
mspe: 0.23695925
