mae_sc:1.0534701
mse_sc:1.528905
mape_sc:0.39715418
rmse_sc:1.2364889
mspe_sc:0.23695925
