mse: 0.30071768
mae: 0.434232
rmse: 0.54837734
mape: 0.11407663
mspe: 0.017854849
