mae_sc:0.434232
mse_sc:0.30071768
mape_sc:0.11407663
rmse_sc:0.54837734
mspe_sc:0.017854849
