mse: 0.026651554
mae: 0.13324244
rmse: 0.16325304
mape: 0.050215308
mspe: 0.0034870384
