mae_sc:0.13324244
mse_sc:0.026651554
mape_sc:0.050215308
rmse_sc:0.16325304
mspe_sc:0.0034870384
