mse: 0.022522636
mae: 0.11968322
rmse: 0.15007544
mape: 0.045075573
mspe: 0.0029176543
