mae_sc:0.11968322
mse_sc:0.022522636
mape_sc:0.045075573
rmse_sc:0.15007544
mspe_sc:0.0029176543
