mse: 0.019898899
mae: 0.11156687
rmse: 0.14106345
mape: 0.6068639
mspe: 9.492503
