mae_sc:0.11156687
mse_sc:0.019898899
mape_sc:0.6068639
rmse_sc:0.14106345
mspe_sc:9.492503
