mse: 0.9128378
mae: 0.7666218
rmse: 0.95542544
mape: 19.747896
mspe: 130600.71
