mae_sc:0.7666218
mse_sc:0.9128378
mape_sc:19.747896
rmse_sc:0.95542544
mspe_sc:130600.71
