mse: 0.017020779
mae: 0.103973426
rmse: 0.1304637
mape: 0.54578394
mspe: 7.4078803
