mae_sc:0.103973426
mse_sc:0.017020779
mape_sc:0.54578394
rmse_sc:0.1304637
mspe_sc:7.4078803
