mse: 0.15160559
mae: 0.20349851
rmse: 0.3893656
mape: 2.9742403
mspe: 4202.835
