mae_sc:0.20349851
mse_sc:0.15160559
mape_sc:2.9742403
rmse_sc:0.3893656
mspe_sc:4202.835
