mse: 0.018755803
mae: 0.10829527
rmse: 0.13695183
mape: 0.58337516
mspe: 8.512188
