mae_sc:0.10829527
mse_sc:0.018755803
mape_sc:0.58337516
rmse_sc:0.13695183
mspe_sc:8.512188
