mse: 1.8277644
mae: 1.1839858
rmse: 1.3519484
mape: 29.977373
mspe: 278547.8
