mae_sc:1.1839858
mse_sc:1.8277644
mape_sc:29.977373
rmse_sc:1.3519484
mspe_sc:278547.8
