mse: 0.028057087
mae: 0.13520084
rmse: 0.1675025
mape: 0.050665393
mspe: 0.003592404
