mae_sc:0.13520084
mse_sc:0.028057087
mape_sc:0.050665393
rmse_sc:0.1675025
mspe_sc:0.003592404
