mse: 0.19656132
mae: 0.37368083
rmse: 0.44335237
mape: 0.25992945
mspe: 0.09313087
