mae_sc:0.37368083
mse_sc:0.19656132
mape_sc:0.25992945
rmse_sc:0.44335237
mspe_sc:0.09313087
