mse: 0.1580004
mae: 0.22048442
rmse: 0.39749265
mape: 3.712466
mspe: 6259.1123
