mae_sc:0.22048442
mse_sc:0.1580004
mape_sc:3.712466
rmse_sc:0.39749265
mspe_sc:6259.1123
