mse: 1.2162354
mae: 0.94834155
rmse: 1.1028306
mape: 0.3830091
mspe: 0.24478163
