mae_sc:0.94834155
mse_sc:1.2162354
mape_sc:0.3830091
rmse_sc:1.1028306
mspe_sc:0.24478163
