mse: 0.15518956
mae: 0.21187949
rmse: 0.39394107
mape: 3.8336837
mspe: 7124.0044
