mae_sc:0.21187949
mse_sc:0.15518956
mape_sc:3.8336837
rmse_sc:0.39394107
mspe_sc:7124.0044
