mse: 0.031773094
mae: 0.14676712
rmse: 0.17825009
mape: 0.055428647
mspe: 0.004143531
