mae_sc:0.14676712
mse_sc:0.031773094
mape_sc:0.055428647
rmse_sc:0.17825009
mspe_sc:0.004143531
