mse: 0.24881971
mae: 0.39277261
rmse: 0.4988183
mape: 0.10392815
mspe: 0.014839757
