mae_sc:0.39277261
mse_sc:0.24881971
mape_sc:0.10392815
rmse_sc:0.4988183
mspe_sc:0.014839757
