mse: 0.0179971
mae: 0.10734562
rmse: 0.13415326
mape: 0.040446367
mspe: 0.0023272987
