mae_sc:0.10734562
mse_sc:0.0179971
mape_sc:0.040446367
rmse_sc:0.13415326
mspe_sc:0.0023272987
