mse: 1.555703
mae: 1.0395715
rmse: 1.2472782
mape: 23.43045
mspe: 191445.25
