mae_sc:1.0395715
mse_sc:1.555703
mape_sc:23.43045
rmse_sc:1.2472782
mspe_sc:191445.25
