mse: 0.41350988
mae: 0.50584894
rmse: 0.64304733
mape: 0.1319675
mspe: 0.023913555
