mae_sc:0.50584894
mse_sc:0.41350988
mape_sc:0.1319675
rmse_sc:0.64304733
mspe_sc:0.023913555
