mse: 0.2176538
mae: 0.39949152
rmse: 0.4665338
mape: 0.2811557
mspe: 0.09899681
