mae_sc:0.39949152
mse_sc:0.2176538
mape_sc:0.2811557
rmse_sc:0.4665338
mspe_sc:0.09899681
