mse: 0.017521596
mae: 0.10452449
rmse: 0.13236916
mape: 0.529279
mspe: 6.3871613
