mae_sc:0.10452449
mse_sc:0.017521596
mape_sc:0.529279
rmse_sc:0.13236916
mspe_sc:6.3871613
