mse: 0.21319544
mae: 0.3641641
rmse: 0.46173093
mape: 0.09615658
mspe: 0.012771752
