mae_sc:0.3641641
mse_sc:0.21319544
mape_sc:0.09615658
rmse_sc:0.46173093
mspe_sc:0.012771752
