mse: 0.02003598
mae: 0.11197526
rmse: 0.14154851
mape: 0.598749
mspe: 10.16278
