mae_sc:0.11197526
mse_sc:0.02003598
mape_sc:0.598749
rmse_sc:0.14154851
mspe_sc:10.16278
