mse: 0.020706113
mae: 0.11393082
rmse: 0.14389619
mape: 0.5909889
mspe: 10.140509
