mae_sc:0.11393082
mse_sc:0.020706113
mape_sc:0.5909889
rmse_sc:0.14389619
mspe_sc:10.140509
