mse: 0.13081767
mae: 0.18998216
rmse: 0.36168724
mape: 3.8237877
mspe: 6839.6504
