mae_sc:0.18998216
mse_sc:0.13081767
mape_sc:3.8237877
rmse_sc:0.36168724
mspe_sc:6839.6504
