mse: 2.3735182
mae: 1.4026276
rmse: 1.5406227
mape: 0.69068736
mspe: 0.50111586
