mae_sc:1.4026276
mse_sc:2.3735182
mape_sc:0.69068736
rmse_sc:1.5406227
mspe_sc:0.50111586
