mse: 3.173584
mae: 1.67667
rmse: 1.7814556
mape: 0.8286001
mspe: 0.71824765
