mae_sc:1.67667
mse_sc:3.173584
mape_sc:0.8286001
rmse_sc:1.7814556
mspe_sc:0.71824765
