mse: 0.13443314
mae: 0.1959154
rmse: 0.36665124
mape: 3.833967
mspe: 8265.516
