mae_sc:0.1959154
mse_sc:0.13443314
mape_sc:3.833967
rmse_sc:0.36665124
mspe_sc:8265.516
