mse: 1.2321696
mae: 0.94540256
rmse: 1.1100314
mape: 19.929867
mspe: 113431.7
