mae_sc:0.94540256
mse_sc:1.2321696
mape_sc:19.929867
rmse_sc:1.1100314
mspe_sc:113431.7
