mse: 1.4416536
mae: 1.0155386
rmse: 1.2006888
mape: 29.749916
mspe: 283863.12
