mae_sc:1.0155386
mse_sc:1.4416536
mape_sc:29.749916
rmse_sc:1.2006888
mspe_sc:283863.12
