mse: 1.45048
mae: 1.0194969
rmse: 1.2043587
mape: 0.40987715
mspe: 0.294151
