mae_sc:1.0194969
mse_sc:1.45048
mape_sc:0.40987715
rmse_sc:1.2043587
mspe_sc:0.294151
