mse: 0.8629498
mae: 0.7395805
rmse: 0.9289509
mape: 19.045158
mspe: 120576.99
