mae_sc:0.7395805
mse_sc:0.8629498
mape_sc:19.045158
rmse_sc:0.9289509
mspe_sc:120576.99
