mse: 1.2608513
mae: 0.940699
rmse: 1.1228763
mape: 26.298061
mspe: 228196.22
