mae_sc:0.940699
mse_sc:1.2608513
mape_sc:26.298061
rmse_sc:1.1228763
mspe_sc:228196.22
