mse: 1.7286763
mae: 1.0999389
rmse: 1.3147913
mape: 0.42908287
mspe: 0.2970072
