mae_sc:1.0999389
mse_sc:1.7286763
mape_sc:0.42908287
rmse_sc:1.3147913
mspe_sc:0.2970072
