mse: 0.017151367
mae: 0.104511686
rmse: 0.13096322
mape: 0.54531
mspe: 6.921677
