mae_sc:0.104511686
mse_sc:0.017151367
mape_sc:0.54531
rmse_sc:0.13096322
mspe_sc:6.921677
