mse: 0.019860666
mae: 0.111398876
rmse: 0.14092788
mape: 0.61559534
mspe: 10.86998
