mae_sc:0.111398876
mse_sc:0.019860666
mape_sc:0.61559534
rmse_sc:0.14092788
mspe_sc:10.86998
