mse: 0.4299051
mae: 0.5164864
rmse: 0.6556715
mape: 0.13396513
mspe: 0.024458572
