mae_sc:0.5164864
mse_sc:0.4299051
mape_sc:0.13396513
rmse_sc:0.6556715
mspe_sc:0.024458572
