mse: 1.535118
mae: 1.014822
rmse: 1.2389988
mape: 17.575314
mspe: 93519.77
