mae_sc:1.014822
mse_sc:1.535118
mape_sc:17.575314
rmse_sc:1.2389988
mspe_sc:93519.77
