mse: 1.4411567
mae: 1.0312358
rmse: 1.2004819
mape: 0.42113084
mspe: 0.30995882
