mae_sc:1.0312358
mse_sc:1.4411567
mape_sc:0.42113084
rmse_sc:1.2004819
mspe_sc:0.30995882
