mse: 1.2801163
mae: 0.9090851
rmse: 1.1314223
mape: 20.529772
mspe: 149434.12
