mae_sc:0.9090851
mse_sc:1.2801163
mape_sc:20.529772
rmse_sc:1.1314223
mspe_sc:149434.12
