mse: 1.752052
mae: 1.0949537
rmse: 1.323651
mape: 0.45631903
mspe: 0.34811428
