mae_sc:1.0949537
mse_sc:1.752052
mape_sc:0.45631903
rmse_sc:1.323651
mspe_sc:0.34811428
