mse: 1.175582
mae: 0.9014093
rmse: 1.0842426
mape: 27.2489
mspe: 237937.86
