mae_sc:0.9014093
mse_sc:1.175582
mape_sc:27.2489
rmse_sc:1.0842426
mspe_sc:237937.86
