mse: 0.11242009
mae: 0.20108151
rmse: 0.33529106
mape: 3.8841038
mspe: 12569.199
