mae_sc:0.20108151
mse_sc:0.11242009
mape_sc:3.8841038
rmse_sc:0.33529106
mspe_sc:12569.199
