mse: 0.027480053
mae: 0.1312508
rmse: 0.16577108
mape: 0.049081903
mspe: 0.0035040975
