mae_sc:0.1312508
mse_sc:0.027480053
mape_sc:0.049081903
rmse_sc:0.16577108
mspe_sc:0.0035040975
