mse: 1.0884627
mae: 0.8853605
rmse: 1.0432942
mape: 0.39033502
mspe: 0.17927048
