mae_sc:0.8853605
mse_sc:1.0884627
mape_sc:0.39033502
rmse_sc:1.0432942
mspe_sc:0.17927048
