mse: 0.95924693
mae: 0.75988436
rmse: 0.97941154
mape: 0.31126606
mspe: 0.13103747
