mae_sc:0.75988436
mse_sc:0.95924693
mape_sc:0.31126606
rmse_sc:0.97941154
mspe_sc:0.13103747
