mse: 0.02825646
mae: 0.13205816
rmse: 0.16809657
mape: 0.0491306
mspe: 0.0035562178
