mae_sc:0.13205816
mse_sc:0.02825646
mape_sc:0.0491306
rmse_sc:0.16809657
mspe_sc:0.0035562178
