mse: 0.31525454
mae: 0.43638894
rmse: 0.56147534
mape: 0.114647366
mspe: 0.018407064
