mae_sc:0.43638894
mse_sc:0.31525454
mape_sc:0.114647366
rmse_sc:0.56147534
mspe_sc:0.018407064
