mse: 0.29135004
mae: 0.42106616
rmse: 0.5397685
mape: 0.11096325
mspe: 0.017170222
