mae_sc:0.42106616
mse_sc:0.29135004
mape_sc:0.11096325
rmse_sc:0.5397685
mspe_sc:0.017170222
