mse: 0.50203234
mae: 0.5727153
rmse: 0.7085424
mape: 0.15069272
mspe: 0.029801253
