mae_sc:0.5727153
mse_sc:0.50203234
mape_sc:0.15069272
rmse_sc:0.7085424
mspe_sc:0.029801253
