mse: 0.023425689
mae: 0.123725355
rmse: 0.15305454
mape: 0.04655005
mspe: 0.0030503133
