mae_sc:0.123725355
mse_sc:0.023425689
mape_sc:0.04655005
rmse_sc:0.15305454
mspe_sc:0.0030503133
