mse: 0.25414068
mae: 0.39323497
rmse: 0.5041237
mape: 0.10395017
mspe: 0.015097093
