mae_sc:0.39323497
mse_sc:0.25414068
mape_sc:0.10395017
rmse_sc:0.5041237
mspe_sc:0.015097093
