mse: 0.018016579
mae: 0.107041635
rmse: 0.13422585
mape: 0.49991712
mspe: 4.947722
