mae_sc:0.107041635
mse_sc:0.018016579
mape_sc:0.49991712
rmse_sc:0.13422585
mspe_sc:4.947722
