mse: 0.90760654
mae: 0.7750546
rmse: 0.95268387
mape: 18.18916
mspe: 104684.164
