mae_sc:0.7750546
mse_sc:0.90760654
mape_sc:18.18916
rmse_sc:0.95268387
mspe_sc:104684.164
