mse: 1.012546
mae: 0.8700026
rmse: 1.0062534
mape: 0.3942404
mspe: 0.1815099
