mae_sc:0.8700026
mse_sc:1.012546
mape_sc:0.3942404
rmse_sc:1.0062534
mspe_sc:0.1815099
