mse: 1.9406806
mae: 1.1012105
rmse: 1.3930831
mape: 0.41659847
mspe: 0.27689505
