mae_sc:1.1012105
mse_sc:1.9406806
mape_sc:0.41659847
rmse_sc:1.3930831
mspe_sc:0.27689505
