mse: 2.9329188
mae: 1.5719049
rmse: 1.7125766
mape: 0.75712466
mspe: 0.6115971
