mae_sc:1.5719049
mse_sc:2.9329188
mape_sc:0.75712466
rmse_sc:1.7125766
mspe_sc:0.6115971
