mse: 0.86857456
mae: 0.6969539
rmse: 0.93197346
mape: 0.27397317
mspe: 0.10827021
