mae_sc:0.6969539
mse_sc:0.86857456
mape_sc:0.27397317
rmse_sc:0.93197346
mspe_sc:0.10827021
