mse: 0.47854424
mae: 0.55292463
rmse: 0.69176894
mape: 0.14592549
mspe: 0.028517941
