mae_sc:0.55292463
mse_sc:0.47854424
mape_sc:0.14592549
rmse_sc:0.69176894
mspe_sc:0.028517941
