mse: 0.020275299
mae: 0.11564084
rmse: 0.14239135
mape: 0.043770403
mspe: 0.0026571332
