mae_sc:0.11564084
mse_sc:0.020275299
mape_sc:0.043770403
rmse_sc:0.14239135
mspe_sc:0.0026571332
