mse: 3.1718943
mae: 1.6415844
rmse: 1.7809813
mape: 0.79065883
mspe: 0.6570342
