mae_sc:1.6415844
mse_sc:3.1718943
mape_sc:0.79065883
rmse_sc:1.7809813
mspe_sc:0.6570342
