mse: 0.15575542
mae: 0.21346071
rmse: 0.3946586
mape: 5.6360598
mspe: 15544.213
