mae_sc:0.21346071
mse_sc:0.15575542
mape_sc:5.6360598
rmse_sc:0.3946586
mspe_sc:15544.213
