mse: 0.15472434
mae: 0.20945442
rmse: 0.39335015
mape: 4.131476
mspe: 9185.328
