mae_sc:0.20945442
mse_sc:0.15472434
mape_sc:4.131476
rmse_sc:0.39335015
mspe_sc:9185.328
