mse: 0.13315453
mae: 0.18065473
rmse: 0.36490345
mape: 2.3769927
mspe: 2469.3506
