mae_sc:0.18065473
mse_sc:0.13315453
mape_sc:2.3769927
rmse_sc:0.36490345
mspe_sc:2469.3506
