mse: 0.12916926
mae: 0.20266342
rmse: 0.35940126
mape: 2.8811169
mspe: 5905.577
