mae_sc:0.20266342
mse_sc:0.12916926
mape_sc:2.8811169
rmse_sc:0.35940126
mspe_sc:5905.577
