mse: 0.13988207
mae: 0.21542923
rmse: 0.37400812
mape: 4.9173694
mspe: 15724.514
