mae_sc:0.21542923
mse_sc:0.13988207
mape_sc:4.9173694
rmse_sc:0.37400812
mspe_sc:15724.514
