mse: 0.14858648
mae: 0.21491064
rmse: 0.38546917
mape: 3.890565
mspe: 8095.276
