mae_sc:0.21491064
mse_sc:0.14858648
mape_sc:3.890565
rmse_sc:0.38546917
mspe_sc:8095.276
