mse: 0.0407833
mae: 0.16453113
rmse: 0.20194876
mape: 0.061580796
mspe: 0.005217856
