mae_sc:0.16453113
mse_sc:0.0407833
mape_sc:0.061580796
rmse_sc:0.20194876
mspe_sc:0.005217856
