mse: 1.3047856
mae: 0.9763182
rmse: 1.1422721
mape: 0.3877129
mspe: 0.24301684
