mae_sc:0.9763182
mse_sc:1.3047856
mape_sc:0.3877129
rmse_sc:1.1422721
mspe_sc:0.24301684
