mse: 0.19447464
mae: 0.3366476
rmse: 0.44099277
mape: 0.08887469
mspe: 0.011483471
