mae_sc:0.3366476
mse_sc:0.19447464
mape_sc:0.08887469
rmse_sc:0.44099277
mspe_sc:0.011483471
