mse: 0.09781259
mae: 0.156586
rmse: 0.31275004
mape: 3.302041
mspe: 6170.545
