mae_sc:0.156586
mse_sc:0.09781259
mape_sc:3.302041
rmse_sc:0.31275004
mspe_sc:6170.545
