mse: 0.54185903
mae: 0.5977466
rmse: 0.73611075
mape: 0.15753174
mspe: 0.032349125
