mae_sc:0.5977466
mse_sc:0.54185903
mape_sc:0.15753174
rmse_sc:0.73611075
mspe_sc:0.032349125
