mse: 0.1837955
mae: 0.35819754
rmse: 0.42871377
mape: 0.24946825
mspe: 0.081951775
