mae_sc:0.35819754
mse_sc:0.1837955
mape_sc:0.24946825
rmse_sc:0.42871377
mspe_sc:0.081951775
