mse: 0.018528836
mae: 0.10770874
rmse: 0.13612066
mape: 0.56000656
mspe: 7.800801
