mae_sc:0.10770874
mse_sc:0.018528836
mape_sc:0.56000656
rmse_sc:0.13612066
mspe_sc:7.800801
