mse: 1.6338286
mae: 1.0974373
rmse: 1.278213
mape: 31.897585
mspe: 331631.7
