mae_sc:1.0974373
mse_sc:1.6338286
mape_sc:31.897585
rmse_sc:1.278213
mspe_sc:331631.7
