mse: 0.3014573
mae: 0.39992392
rmse: 0.5490513
mape: 0.15841575
mspe: 0.03757598
