mae_sc:0.39992392
mse_sc:0.3014573
mape_sc:0.15841575
rmse_sc:0.5490513
mspe_sc:0.03757598
